Backward Substitution by Rows: 

[-9.79585297e+154  2.61271106e+155 -2.55694742e+155  9.23821653e+154
 -2.70281186e+154  5.57636434e+153 -9.98783798e+152  1.45080731e+152
 -1.89037435e+151  2.12242670e+150 -2.18062931e+149  1.99661488e+148
 -1.69583678e+147  1.31130831e+146 -9.49987073e+144  6.35845102e+143
 -4.01765269e+142  2.37072780e+141 -1.32855840e+140  7.01010469e+138
 -3.52993369e+137  1.68442850e+136 -7.70159631e+134  3.35438246e+133
 -1.40460228e+132  5.62678006e+130 -2.17333473e+129  8.05971866e+127
 -2.88903755e+126  9.97332744e+124 -3.33509893e+123  1.07689399e+122
 -3.37479522e+120  1.02355361e+119 -3.01799542e+117  8.62952258e+115
 -2.40245671e+114  6.49763810e+112 -1.71334628e+111  4.39594973e+109
 -1.10098656e+108  2.68685959e+106 -6.40785373e+104  1.49097022e+103
 -3.39367573e+101  7.54507392e+099 -1.64249773e+098  3.49619605e+096
 -7.29298566e+094  1.48896094e+093 -2.98140819e+091  5.84806430e+089
 -1.12584612e+088  2.12496766e+086 -3.93908173e+084  7.16425415e+082
 -1.28052804e+081  2.24720921e+079 -3.87788034e+077  6.57450678e+075
 -1.09664542e+074  1.79824765e+072 -2.90261772e+070  4.60845590e+068
 -7.20588382e+066  1.10885230e+065 -1.68121447e+063  2.50981857e+061
 -3.69326031e+059  5.35364463e+057 -7.65266257e+055  1.07804791e+054
 -1.49814017e+052  2.05262192e+050 -2.77530725e+048  3.70105086e+046
 -4.87229126e+044  6.32869187e+042 -8.11764379e+040  1.02771053e+039
 -1.28523084e+037  1.58694089e+035 -1.93614393e+033  2.33303436e+031
 -2.77858496e+029  3.26936576e+027 -3.80310742e+025  4.37195268e+023
 -4.97002497e+021  5.58498755e+019 -6.20780768e+017  6.82257312e+015
 -7.41843255e+013  7.97771246e+011 -8.48977066e+009  8.93757090e+007
 -9.31296000e+005  9.60200000e+003 -9.80000000e+001  1.00000000e+000]

Residual Max Norm: 91.0