Solution using Forward Substitution by Rows: 

[ 1.00000000e+000  1.00000000e+000  0.00000000e+000  0.00000000e+000
  4.00000000e+000 -1.40000000e+001  8.70000000e+001 -5.63000000e+002
  4.44000000e+003 -3.83480000e+004  3.79614000e+005 -4.06513800e+006
  4.84404030e+007 -6.17909425e+008  8.60635670e+009 -1.27290063e+011
  2.02865255e+012 -3.41138296e+013  6.12147570e+014 -1.15304910e+016
  2.30031786e+017 -4.79668819e+018  1.05308639e+020 -2.40793866e+021
  5.76900159e+022 -1.43513189e+024  3.72581470e+025 -1.00172226e+027
  2.80124004e+028 -8.09391703e+029  2.42547404e+031 -7.49496790e+032
  2.39604519e+034 -7.88470678e+035  2.67847921e+037 -9.35126272e+038
  3.36385495e+040 -1.24184774e+042  4.71575105e+043 -1.83545101e+045
  7.33721246e+046 -3.00279791e+048  1.26045976e+050 -5.41104193e+051
  2.37962802e+053 -1.06922190e+055  4.91609522e+056 -2.30738089e+058
  1.10706191e+060 -5.41773037e+061  2.70778120e+063 -1.37935416e+065
  7.16998803e+066 -3.79598267e+068  2.04912744e+070 -1.12588847e+072
  6.30296424e+073 -3.58933245e+075  2.08119378e+077 -1.22683383e+079
  7.35895770e+080 -4.48530451e+082  2.78016517e+084 -1.75016582e+086
  1.11983260e+088 -7.27368918e+089  4.79953253e+091 -3.21351588e+093
  2.18471812e+095 -1.50649625e+097  1.05433212e+099 -7.48126038e+100
  5.38546821e+102 -3.92915796e+104  2.90704582e+106 -2.17911100e+108
  1.65583759e+110 -1.27434412e+112  9.93825006e+113 -7.84741107e+115
  6.27694778e+117 -5.08198342e+119  4.16660655e+121 -3.45676512e+123
  2.90327112e+125 -2.46674759e+127  2.12111606e+129 -1.84463385e+131
  1.62306814e+133 -1.44397938e+135  1.29942098e+137 -1.18204152e+139
  1.08734970e+141 -1.01088191e+143  9.50121440e+144 -9.02313191e+146
  8.66126662e+148 -8.39873119e+150  8.22989946e+152 -8.14508951e+154]

Residual Max Norm: 6.366511038427212e+136

Solution using Forward Substitution by Columns: 

[ 1.00000000e+000  1.00000000e+000  0.00000000e+000  0.00000000e+000
  4.00000000e+000 -1.40000000e+001  8.70000000e+001 -5.63000000e+002
  4.44000000e+003 -3.83480000e+004  3.79614000e+005 -4.06513800e+006
  4.84404030e+007 -6.17909425e+008  8.60635670e+009 -1.27290063e+011
  2.02865255e+012 -3.41138296e+013  6.12147570e+014 -1.15304910e+016
  2.30031786e+017 -4.79668819e+018  1.05308639e+020 -2.40793866e+021
  5.76900159e+022 -1.43513189e+024  3.72581470e+025 -1.00172226e+027
  2.80124004e+028 -8.09391703e+029  2.42547404e+031 -7.49496790e+032
  2.39604519e+034 -7.88470678e+035  2.67847921e+037 -9.35126272e+038
  3.36385495e+040 -1.24184774e+042  4.71575105e+043 -1.83545101e+045
  7.33721246e+046 -3.00279791e+048  1.26045976e+050 -5.41104193e+051
  2.37962802e+053 -1.06922190e+055  4.91609522e+056 -2.30738089e+058
  1.10706191e+060 -5.41773037e+061  2.70778120e+063 -1.37935416e+065
  7.16998803e+066 -3.79598267e+068  2.04912744e+070 -1.12588847e+072
  6.30296424e+073 -3.58933245e+075  2.08119378e+077 -1.22683383e+079
  7.35895770e+080 -4.48530451e+082  2.78016517e+084 -1.75016582e+086
  1.11983260e+088 -7.27368918e+089  4.79953253e+091 -3.21351588e+093
  2.18471812e+095 -1.50649625e+097  1.05433212e+099 -7.48126038e+100
  5.38546821e+102 -3.92915796e+104  2.90704582e+106 -2.17911100e+108
  1.65583759e+110 -1.27434412e+112  9.93825006e+113 -7.84741107e+115
  6.27694778e+117 -5.08198342e+119  4.16660655e+121 -3.45676512e+123
  2.90327112e+125 -2.46674759e+127  2.12111606e+129 -1.84463385e+131
  1.62306814e+133 -1.44397938e+135  1.29942098e+137 -1.18204152e+139
  1.08734970e+141 -1.01088191e+143  9.50121440e+144 -9.02313191e+146
  8.66126662e+148 -8.39873119e+150  8.22989946e+152 -8.14508951e+154]

Residual Max Norm: 8.228237125577839e+154